Radix=10;
CoefData=-0.282259 0.194378 0.0266727 -0.225041 -0.0279098 0.146739 0.239394 -0.192003 -0.602511 -0.0873417 0.012974 0.313901 0.514866 0.722835 0.55794 0.418544 0.743308 0.960347 0.994575 1.09244 1.11666 0.96076 0.705528 0.392416 0.705494 0.702959 0.539486 0.10634 -0.13191 -0.274145 -0.652223 -0.613192 0.939439 0.806934 0.37555 -0.083998 -0.476459 -0.793123 -0.809471 -1.04298 0.122153 -0.791068 0.079344 0.801158 0.514293 -0.379882 -0.000277139 -0.258668 0.745956 0.584621 0.507388 0.283837 0.243818 -0.0502658 0.0802537 -0.0549371 -0.507543 -0.403976 -0.0122077 0.755593 0.397051 -0.324779 -0.0199872 -0.550635 -0.424559 0.0382454 0.101599 0.143416 0.142302 0.333267 0.19232 0.508982 0.568776 0.511615 0.677297 0.805565 0.63697 0.384842 0.358256 -0.051278 -0.780614 -0.518812 -0.108963 0.00289221 0.219467 0.484629 0.608585 0.599574 -0.315117 -0.770904 -0.697777 -0.816346 -0.843064 -0.825808 -0.811835 -0.459912 0.232874 0.303092 0.50789 0.64738 0.402852 0.484796 0.645363 0.420311 0.568856 0.853729 0.85813 0.976317 0.827683 0.890863 0.542037 0.278168 0.20024 0.0736208 0.409363 0.301932 0.412483 0.536673 0.518362 0.593071 -0.850426 -0.811724 -0.647149 -0.449888 -0.17892 0.0281912 0.435707 0.56315 0.147656 0.371533 0.12257 0.16486 0.27628 0.39932 0.0808313 -0.0714755 0.0972005 0.417174 0.320602 0.29963 0.404862 0.386883 0.180827 0.291987 -0.132624 -0.13102 -0.0856172 -0.151943 -0.286217 -0.161368 -0.217539 -0.1745 -0.522127 -0.427927 -0.27941 -0.290635 -0.340163 -0.0863706 0.349559 0.160457 -0.463177 -0.163407 0.841355 0.342664 -0.23797 -0.379256 0.440805 -0.340497 -0.17725 -0.160241 -0.104979 -0.246836 -0.211406 -0.0418694 0.0099235 0.108948 -0.483929 -0.813696 -0.743225 -0.667146 -0.599672 -0.437587 -0.181506 0.0701609 0.0709857 0.0583118 0.256437 0.321151 0.605837 0.522907 0.688842 0.220822 0.0742284 -0.208198 -0.0666609 -0.0387632 -0.32887 -0.155125 -0.15464 -0.121963 -0.69924 -0.653703 -0.248473 -0.0849519 0.299686 0.290759 0.419693 0.615473 0.763112 0.670473 0.252098 -0.134728 -0.285744 -0.551336 -0.758242 -1.20379 0.050974 0.238771 -0.420354 -0.57867 -0.694607 -0.522377 -0.738081 -0.458993 -0.242625 0.0055781 -0.129049 0.0208874 0.127743 0.0982979 0.065854 -0.0880195 0.0193611 0.101301 0.121946 0.162511 0.284639 0.541593 0.648777 0.736662 -0.326954 -0.63655 -0.675869 -0.862509 -0.556877 -0.64465 -0.596473 -0.481147 0.879007 0.192698 -0.546887 -0.45644 -0.696599 -0.0201135 0.476497 0.920187;
