Radix=10;
CoefData=-0.98645 -0.676227 0.348938 0.455592 0.44427 0.390015 -0.628246 -0.965737 0.149104 0.0626212 0.0121193 -0.141668 -0.0490527 0.265634 -0.0690993 -0.46478 -0.0963488 -0.0989145 -0.303922 -0.231516 -0.212792 -0.274831 -0.129325 -0.223807 0.233078 0.298856 0.375122 0.174693 0.23342 0.245568 0.492422 0.531478 -0.446248 -0.56484 -0.129248 -0.077627 0.0894702 0.365091 0.463375 0.538534 -0.556215 0.338342 0.57469 -0.589333 0.129616 0.0776225 0.478894 -0.428042 -0.640625 -0.44279 -0.241544 0.130915 0.258872 0.687775 0.800941 0.654941 0.454281 -0.550169 -0.685857 0.341707 0.642036 -0.0285822 0.135269 -0.603202 -0.347974 -0.143369 0.171468 0.254805 0.283754 -0.0779901 0.378607 0.781447 -0.291549 -0.475879 -0.580225 -0.709862 -0.650198 -0.610349 -0.505247 -0.249686 -0.285399 -0.409606 -0.33491 -0.562247 -0.399133 -0.0620663 -0.0244437 -0.0767727 0.0545618 -0.132215 -0.137099 -0.183549 -0.0854751 -0.130574 0.00153382 -0.144056 0.399282 0.709381 0.380352 0.702397 0.65227 0.722295 0.731269 0.478651 0.337659 0.313736 0.482282 0.614183 0.419724 0.336664 0.278592 -0.389696 -0.089937 0.202587 0.0821952 0.0457223 0.0764515 -0.119925 -0.166966 0.104612 -0.501093 -0.0737239 -0.093944 0.269547 0.552394 0.3449 0.599729 1.09169 0.739787 0.842716 1.09214 1.13975 0.746553 0.357769 0.173555 -0.473098 -0.141084 -0.40679 -0.752309 -0.684587 -0.8473 -0.861856 -0.742753 -0.571419 -0.734486 -1.01193 -1.06873 -1.15112 -0.923706 -0.827459 -0.917655 -0.475697 0.834838 0.557315 0.625469 0.501271 0.340302 0.107278 0.168862 -0.318003 0.291921 0.392314 -0.249687 -0.341456 -0.799449 -0.353654 0.266272 0.87422 0.127835 0.639281 0.893788 0.954419 0.842111 0.914068 0.950109 0.711758 -0.548422 -0.693336 -0.699642 -0.718166 -0.577656 -0.20735 -0.0399419 0.177997 1.08043 0.922056 0.613694 0.196008 -0.128877 -0.397701 -0.734807 -0.824183 -0.0262521 -0.082342 -0.016595 -0.312219 -0.00189732 -0.114284 0.364835 0.406438 -0.60765 -0.751416 -0.454252 -0.323291 0.302819 0.424227 0.868864 0.841966 -0.518541 -0.776527 -0.582102 -0.420916 -0.239474 -0.163279 -0.0464775 0.136996 0.00840552 0.0987385 -0.0447371 0.0946424 0.166339 0.167571 0.193037 0.208969 -0.768622 0.0765017 0.207231 0.453951 0.596062 0.411949 0.0462063 0.11444 -0.798598 -0.837818 -0.577685 -0.380674 0.122255 0.128928 0.487247 0.706309 0.191365 0.341853 0.380988 0.389026 0.615291 0.594357 0.518842 0.154815 -0.469211 -0.44752 -0.0225529 0.216985 0.251412 -0.0391825 0.360388 0.260137;
