fc1
slope = 0.0287916671682745
bias = -0.9099925674156859

fc2
slope = 0.02268411099215686
bias = -1.2040512930039213

fc3
slope = 0.0101558349912156863
bias = -0.5731415432439215
